infered community 2005 (18 ,mb) - other dense communities > 24969,20618, 3334.

2347	2347		2005
2115	2115		2005
2109	2109		2005
3365	3365		2005
2114	2114		2005
2975	25811		2005
2005	19281039	2005
2113	2113		2005
2112	2112		2005
2110	2110		2005
2117	2117		2005
3368	3368		2005
2108	2108		2005
2111	2111		2005
3367	3367		2005
2349	2349		2005
3366	3366		2005
2116	2116		2005

Not only 1 aricle is creating a community
collaborated on articles: 20369(1),19331(7),25811(2),23474(1)

Importantly not all who coauthored in 20369 entered in community 2005  (click on 20369 and you will see that
2348,2350 were not included even though they coauthored with 2005 author they were not included)


[500,0,[[1003217,17432056],[1003218,17432056],[2005,17432056],[480130,17432056],[495462,17432056],[500,17432056]]]
[2005,0,[[2005,18901],[2006,18901],[2007,18901]]]
[2005,0,[[2005,18901],[2006,18901],[2007,18901]]]
[2005,0,[[2005,19331],[2108,19331],[2109,19331],[2110,19331],[2111,19331],[2112,19331],[2113,19331],[2114,19331],[2115,19331],[2116,19331],[2117,19331]]]
[2005,0,[[2005,19331],[2108,19331],[2109,19331],[2110,19331],[2111,19331],[2112,19331],[2113,19331],[2114,19331],[2115,19331],[2116,19331],[2117,19331]]]
[2005,0,[[2005,20369],[2347,20369],[2348,20369],[2349,20369],[2350,20369]]]
[2005,0,[[2005,20369],[2347,20369],[2348,20369],[2349,20369],[2350,20369]]]
[2005,0,[[2005,23474],[2975,23474]]]
[2005,0,[[2005,23474],[2975,23474]]]
[2005,0,[[2005,25811],[2975,25811],[3365,25811],[3366,25811],[3367,25811],[3368,25811]]]
[2005,0,[[2005,25811],[2975,25811],[3365,25811],[3366,25811],[3367,25811],[3368,25811]]]
[2005,0,[[2005,3588046],[52196,3588046],[9120,3588046]]]
[2005,0,[[2005,3588046],[52196,3588046],[9120,3588046]]]
[2005,0,[[2005,3593809],[52196,3593809]]]
[2005,0,[[2005,3593809],[52196,3593809]]]
[2005,0,[[2005,10083350],[3791,10083350],[488196,10083350]]]
[2005,0,[[2005,10083350],[3791,10083350],[488196,10083350]]]
[2005,0,[[2005,11329672],[591947,11329672]]]
[2005,0,[[2005,11329672],[591947,11329672]]]
[2005,0,[[2005,12895621],[52196,12895621]]]
[2005,0,[[2005,12895621],[52196,12895621]]]
[2005,0,[[2005,13892776],[796806,13892776]]]
[2005,0,[[2005,13892776],[796806,13892776]]]
[2005,0,[[2005,15022433],[3791,15022433],[488196,15022433],[5916,15022433]]]
[2005,0,[[2005,15022433],[3791,15022433],[488196,15022433],[5916,15022433]]]
[2005,0,[[2005,15133025],[212618,15133025],[52196,15133025]]]
[2005,0,[[2005,15133025],[212618,15133025],[52196,15133025]]]
[2005,0,[[2005,23184]]]
[2005,0,[[2005,23184]]]
[2005,0,[[2005,24354]]]
[2005,0,[[2005,24354]]]
[2005,0,[[2005,21146930]]]
[2005,0,[[2005,21146930]]]
[2005,0,[[162028,6881929],[199763,6881929],[2005,6881929],[516990,6881929],[516991,6881929]]]
[2005,0,[[162028,6881929],[199763,6881929],[2005,6881929],[516990,6881929],[516991,6881929]]]
[2005,0,[[1003217,17432056],[1003218,17432056],[2005,17432056],[480130,17432056],[495462,17432056],[500,17432056]]]
[2005,0,[[1003217,17432056],[1003218,17432056],[2005,17432056],[480130,17432056],[495462,17432056],[500,17432056]]]
[2005,0,[[1074148,19281039],[2005,19281039],[328612,19281039],[352327,19281039],[392215,19281039],[397174,19281039],[69420,19281039],[855461,19281039],[855462,19281039],[88642,19281039]]]
[2005,0,[[1074148,19281039],[2005,19281039],[328612,19281039],[352327,19281039],[392215,19281039],[397174,19281039],[69420,19281039],[855461,19281039],[855462,19281039],[88642,19281039]]]
[2006,0,[[2005,18901],[2006,18901],[2007,18901]]]
[2007,0,[[2005,18901],[2006,18901],[2007,18901]]]
[2108,0,[[2005,19331],[2108,19331],[2109,19331],[2110,19331],[2111,19331],[2112,19331],[2113,19331],[2114,19331],[2115,19331],[2116,19331],[2117,19331]]]
[2109,0,[[2005,19331],[2108,19331],[2109,19331],[2110,19331],[2111,19331],[2112,19331],[2113,19331],[2114,19331],[2115,19331],[2116,19331],[2117,19331]]]
[2110,0,[[2005,19331],[2108,19331],[2109,19331],[2110,19331],[2111,19331],[2112,19331],[2113,19331],[2114,19331],[2115,19331],[2116,19331],[2117,19331]]]
[2111,0,[[2005,19331],[2108,19331],[2109,19331],[2110,19331],[2111,19331],[2112,19331],[2113,19331],[2114,19331],[2115,19331],[2116,19331],[2117,19331]]]
[2112,0,[[2005,19331],[2108,19331],[2109,19331],[2110,19331],[2111,19331],[2112,19331],[2113,19331],[2114,19331],[2115,19331],[2116,19331],[2117,19331]]]
[2113,0,[[2005,19331],[2108,19331],[2109,19331],[2110,19331],[2111,19331],[2112,19331],[2113,19331],[2114,19331],[2115,19331],[2116,19331],[2117,19331]]]
[2114,0,[[2005,19331],[2108,19331],[2109,19331],[2110,19331],[2111,19331],[2112,19331],[2113,19331],[2114,19331],[2115,19331],[2116,19331],[2117,19331]]]
[2115,0,[[2005,19331],[2108,19331],[2109,19331],[2110,19331],[2111,19331],[2112,19331],[2113,19331],[2114,19331],[2115,19331],[2116,19331],[2117,19331]]]
[2116,0,[[2005,19331],[2108,19331],[2109,19331],[2110,19331],[2111,19331],[2112,19331],[2113,19331],[2114,19331],[2115,19331],[2116,19331],[2117,19331]]]
[2117,0,[[2005,19331],[2108,19331],[2109,19331],[2110,19331],[2111,19331],[2112,19331],[2113,19331],[2114,19331],[2115,19331],[2116,19331],[2117,19331]]]
[2347,0,[[2005,20369],[2347,20369],[2348,20369],[2349,20369],[2350,20369]]]
[2348,0,[[2005,20369],[2347,20369],[2348,20369],[2349,20369],[2350,20369]]]
[2349,0,[[2005,20369],[2347,20369],[2348,20369],[2349,20369],[2350,20369]]]
[2350,0,[[2005,20369],[2347,20369],[2348,20369],[2349,20369],[2350,20369]]]
[2975,0,[[2005,23474],[2975,23474]]]
[2975,0,[[2005,25811],[2975,25811],[3365,25811],[3366,25811],[3367,25811],[3368,25811]]]
[3365,0,[[2005,25811],[2975,25811],[3365,25811],[3366,25811],[3367,25811],[3368,25811]]]
[3366,0,[[2005,25811],[2975,25811],[3365,25811],[3366,25811],[3367,25811],[3368,25811]]]
[3367,0,[[2005,25811],[2975,25811],[3365,25811],[3366,25811],[3367,25811],[3368,25811]]]
[3368,0,[[2005,25811],[2975,25811],[3365,25811],[3366,25811],[3367,25811],[3368,25811]]]
[3791,0,[[2005,10083350],[3791,10083350],[488196,10083350]]]
[3791,0,[[2005,15022433],[3791,15022433],[488196,15022433],[5916,15022433]]]