[1,0,[[1,4]]]
[2,0,[[2,16]]]
[3,0,[[3,27],[4,27]]]
[4,0,[[3,27],[4,27]]]
[5,0,[[5,39]]]
[6,0,[[6,50]]]
[7,0,[[7,61]]]
[8,0,[[8,73],[9,73]]]
[9,0,[[8,73],[9,73]]]
[9,0,[[38,298],[9,298]]]
[10,0,[[10,86],[11,86]]]
[11,0,[[10,86],[11,86]]]
[12,0,[[12,99]]]
[13,0,[[13,110],[14,110],[15,110]]]
[14,0,[[13,110],[14,110],[15,110]]]
[15,0,[[13,110],[14,110],[15,110]]]
[16,0,[[16,124],[17,124],[18,124],[19,124]]]
[17,0,[[16,124],[17,124],[18,124],[19,124]]]
[18,0,[[16,124],[17,124],[18,124],[19,124]]]
[19,0,[[16,124],[17,124],[18,124],[19,124]]]
[19,0,[[19,224],[30,224],[31,224]]]
[20,0,[[20,139]]]
[21,0,[[21,151]]]
[22,0,[[22,162],[23,162]]]
[23,0,[[22,162],[23,162]]]
[24,0,[[24,175]]]
[25,0,[[25,187]]]
[26,0,[[26,198],[27,198],[28,198]]]
[27,0,[[26,198],[27,198],[28,198]]]
[28,0,[[26,198],[27,198],[28,198]]]
[29,0,[[29,212]]]
[30,0,[[19,224],[30,224],[31,224]]]
[31,0,[[19,224],[30,224],[31,224]]]
[32,0,[[32,238]]]
[33,0,[[33,250],[34,250]]]
[34,0,[[33,250],[34,250]]]
[35,0,[[35,262]]]
[36,0,[[36,273]]]
[37,0,[[37,285]]]
[38,0,[[38,298],[9,298]]]
[39,0,[[39,311]]]
[40,0,[[40,324]]]
[41,0,[[41,335],[42,335]]]
[42,0,[[41,335],[42,335]]]
[43,0,[[43,348]]]
[44,0,[[44,360]]]
[45,0,[[45,371],[46,371]]]
[46,0,[[45,371],[46,371]]]
[47,0,[[47,383]]]
[48,0,[[48,394],[49,394]]]
[49,0,[[48,394],[49,394]]]
[50,0,[[50,407],[51,407]]]
[51,0,[[50,407],[51,407]]]
[52,0,[[52,420],[53,420]]]
[53,0,[[52,420],[53,420]]]
[54,0,[[54,433],[55,433],[56,433]]]
[55,0,[[54,433],[55,433],[56,433]]]
[56,0,[[54,433],[55,433],[56,433]]]
[57,0,[[57,447]]]
[58,0,[[58,459]]]
[59,0,[[59,470],[60,470],[61,470]]]
[60,0,[[59,470],[60,470],[61,470]]]
[61,0,[[59,470],[60,470],[61,470]]]
[62,0,[[62,484],[63,484],[64,484],[65,484]]]
[63,0,[[62,484],[63,484],[64,484],[65,484]]]
[64,0,[[62,484],[63,484],[64,484],[65,484]]]
[65,0,[[62,484],[63,484],[64,484],[65,484]]]
[66,0,[[66,500],[67,500]]]
[67,0,[[66,500],[67,500]]]
[68,0,[[68,512]]]
[69,0,[[69,523]]]
[70,0,[[70,534]]]
[71,0,[[71,545],[72,545],[73,545]]]
[72,0,[[71,545],[72,545],[73,545]]]
[73,0,[[71,545],[72,545],[73,545]]]
[74,0,[[74,559]]]
[75,0,[[75,570],[76,570]]]
[76,0,[[75,570],[76,570]]]
[77,0,[[77,583],[78,583]]]
[78,0,[[77,583],[78,583]]]
[79,0,[[79,595]]]
[80,0,[[80,607],[81,607]]]
[81,0,[[80,607],[81,607]]]
